@relation ionosphere
@attribute Pulse1 integer [0, 1]
@attribute Pulse3 real [-1.0, 1.0]
@attribute Pulse4 real [-1.0, 1.0]
@attribute Pulse5 real [-1.0, 1.0]
@attribute Pulse6 real [-1.0, 1.0]
@attribute Pulse7 real [-1.0, 1.0]
@attribute Pulse8 real [-1.0, 1.0]
@attribute Pulse9 real [-1.0, 1.0]
@attribute Pulse10 real [-1.0, 1.0]
@attribute Pulse11 real [-1.0, 1.0]
@attribute Pulse12 real [-1.0, 1.0]
@attribute Pulse13 real [-1.0, 1.0]
@attribute Pulse14 real [-1.0, 1.0]
@attribute Pulse15 real [-1.0, 1.0]
@attribute Pulse16 real [-1.0, 1.0]
@attribute Pulse17 real [-1.0, 1.0]
@attribute Pulse18 real [-1.0, 1.0]
@attribute Pulse19 real [-1.0, 1.0]
@attribute Pulse20 real [-1.0, 1.0]
@attribute Pulse21 real [-1.0, 1.0]
@attribute Pulse22 real [-1.0, 1.0]
@attribute Pulse23 real [-1.0, 1.0]
@attribute Pulse24 real [-1.0, 1.0]
@attribute Pulse25 real [-1.0, 1.0]
@attribute Pulse26 real [-1.0, 1.0]
@attribute Pulse27 real [-1.0, 1.0]
@attribute Pulse28 real [-1.0, 1.0]
@attribute Pulse29 real [-1.0, 1.0]
@attribute Pulse30 real [-1.0, 1.0]
@attribute Pulse31 real [-1.0, 1.0]
@attribute Pulse32 real [-1.0, 1.0]
@attribute Pulse33 real [-1.0, 1.0]
@attribute Pulse34 real [-1.0, 1.0]
@attribute Class {g, b}
@inputs Pulse1, Pulse3, Pulse4, Pulse5, Pulse6, Pulse7, Pulse8, Pulse9, Pulse10, Pulse11, Pulse12, Pulse13, Pulse14, Pulse15, Pulse16, Pulse17, Pulse18, Pulse19, Pulse20, Pulse21, Pulse22, Pulse23, Pulse24, Pulse25, Pulse26, Pulse27, Pulse28, Pulse29, Pulse30, Pulse31, Pulse32, Pulse33, Pulse34
@outputs Class
@data
1, 0.976, -0.106, 0.946, -0.208, 0.928, -0.284, 0.86, -0.273, 0.798, -0.479, 0.782, -0.508, 0.746, -0.614, 0.579, -0.681, 0.379, -0.736, 0.363, -0.766, 0.319, -0.798, 0.228, -0.816, 0.137, -0.825, 0.046, -0.824, -0.043, -0.813, -0.138, -0.81, g
1, -0.019, -0.085, 0.0, 0.0, 0.0, 0.0, 0.115, -0.268, -0.457, -0.382, 0.0, 0.0, -0.337, 0.386, -0.371, 0.15, 0.637, 0.221, 0.0, 0.0, 0.0, 0.0, -0.148, -0.013, 0.206, -0.023, 0.0, 0.0, 0.166, 0.241, -0.082, 0.381, b
1, 1.0, -0.163, 1.0, -0.102, 1.0, -0.152, 1.0, -0.193, 0.941, -0.352, 0.957, -0.298, 0.937, -0.344, 0.945, -0.281, 0.901, -0.434, 0.86, -0.473, 0.83, -0.512, 0.841, -0.471, 0.762, -0.584, 0.657, -0.688, 0.687, -0.645, 0.647, -0.672, g
1, 1.0, 0.074, 1.0, 0.034, 1.0, -0.056, 1.0, 0.088, 1.0, 0.197, 1.0, 0.203, 1.0, 0.128, 1.0, 0.106, 1.0, 0.271, 1.0, 0.448, 1.0, 0.418, 1.0, 0.2, 1.0, 0.367, 0.956, 0.486, 1.0, 0.325, 1.0, 0.467, g
0, 1.0, 1.0, 0.0, 0.0, 0.0, 0.0, -1.0, -1.0, 0.0, 0.0, 0.0, 0.0, -1.0, -1.0, -1.0, -1.0, -1.0, 1.0, -1.0, 1.0, 0.0, 0.0, 0.0, 0.0, 1.0, -1.0, -1.0, 1.0, -1.0, 1.0, -1.0, 1.0, b
1, 0.982, 0.0090, 0.981, -0.038, 0.976, -0.057, 0.959, -0.07, 0.99, -0.045, 0.947, -0.111, 0.934, -0.128, 0.942, -0.116, 0.797, -0.192, 0.883, -0.174, 0.863, -0.187, 0.885, -0.197, 0.818, -0.211, 0.785, -0.239, 0.769, -0.231, 0.743, -0.239, g
0, -1.0, 1.0, 1.0, -1.0, -1.0, 1.0, 0.0, 0.0, 1.0, 1.0, -1.0, -0.188, 1.0, 1.0, -1.0, -1.0, 1.0, -1.0, -1.0, -1.0, 1.0, 1.0, 1.0, -1.0, 1.0, 1.0, 1.0, 1.0, 0.0, 0.0, -1.0, -1.0, b
0, 1.0, -1.0, 1.0, 1.0, -1.0, -1.0, 1.0, -1.0, 0.0, 0.0, 0.0, 0.0, -1.0, 1.0, 1.0, -1.0, 1.0, -1.0, -0.75, 1.0, 1.0, -1.0, 1.0, -1.0, 1.0, -1.0, -1.0, -1.0, 0.0, 0.0, 1.0, -1.0, b
0, 1.0, 1.0, 1.0, -1.0, 1.0, 1.0, 1.0, 1.0, 1.0, 1.0, 1.0, 1.0, 1.0, 1.0, 1.0, -1.0, -1.0, 1.0, -1.0, 1.0, -1.0, 1.0, 1.0, -1.0, 1.0, 1.0, -1.0, 1.0, -1.0, -1.0, -1.0, 1.0, b
1, -1.0, -1.0, 0.0, 0.0, 0.508, -0.785, 0.606, 0.329, -1.0, -0.414, 0.0, 0.0, 0.0, 0.0, 1.0, -0.267, 0.365, -0.635, 0.971, -1.0, -1.0, -1.0, 1.0, -0.596, -1.0, -1.0, -1.0, -1.0, 1.0, -1.0, 0.0, 0.0, b
1, 0.957, -0.121, 0.633, -0.127, 0.964, -0.182, 0.97, 0.085, 0.92, -0.011, 0.835, -0.247, 1.0, -0.314, 0.993, -0.212, 0.987, -0.21, 1.0, -0.272, 0.931, -0.395, 1.0, -0.192, 0.888, -0.316, 0.814, -0.237, 0.891, -0.319, 0.695, -0.416, g
1, 0.863, 0.193, 0.809, 0.411, 0.672, 0.558, 0.546, 0.7, 0.367, 0.815, 0.196, 0.857, -0.041, 0.863, -0.172, 0.758, -0.341, 0.657, -0.482, 0.561, -0.602, 0.41, -0.592, 0.257, -0.63, 0.088, -0.572, -0.078, -0.549, -0.199, -0.429, -0.32, g
1, 1.0, 1.0, 0.0, 0.0, 0.0, 0.0, 0.0, 0.0, 0.477, -0.891, -0.515, 0.455, -0.955, 0.286, 0.647, 1.0, 0.0, 0.0, 0.0, 0.0, 0.62, 0.203, -1.0, -1.0, 1.0, -1.0, 1.0, 1.0, 0.0, 0.0, 0.0, 0.0, b
1, 0.959, 0.101, 1.0, -0.019, 0.983, 0.026, 0.97, -0.093, 0.99, -0.027, 0.98, -0.031, 1.0, -0.053, 1.0, -0.052, 0.938, 0.016, 0.976, -0.093, 0.979, -0.053, 0.916, -0.157, 0.957, -0.07, 0.91, 0.013, 1.0, -0.108, 0.931, -0.069, g
1, 0.969, 0.0090, 1.0, 0.0080, 0.987, -0.0080, 0.979, -0.028, 0.998, -0.035, 1.0, -0.013, 1.0, -0.026, 1.0, -0.012, 0.985, 0.0, 1.0, -0.026, 1.0, -0.047, 0.96, -0.045, 0.992, -0.035, 0.97, -0.025, 1.0, -0.039, 0.984, -0.041, g
1, 0.31, -0.103, 0.241, -0.103, 0.207, -0.069, 0.074, -0.054, 0.036, -0.037, 0.017, -0.024, 0.0070, -0.015, 0.0030, -0.0090, 0.0010, -0.0050, -0.0, -0.0030, -0.0, -0.0020, -0.0, -0.0010, -0.0, -0.0, -0.0, -0.0, -0.0, -0.0, -0.0, -0.0, g
1, 0.059, -0.0080, 0.067, 0.0080, 0.0, -0.011, 0.0060, -0.039, 0.017, -0.075, -0.0060, 0.053, 0.064, -0.034, 0.0, 0.095, -0.064, 0.075, -0.047, 0.025, 0.028, -0.0060, 0.0080, 0.0060, 0.103, -0.0080, 0.031, -0.0030, 0.045, 0.0, 0.047, -0.034, b
1, 0.471, 0.228, 0.423, 0.336, 0.257, 0.476, 0.019, 0.495, -0.021, 0.54, -0.341, 0.312, -0.413, 0.325, -0.516, 0.069, -0.5, -0.116, -0.148, -0.146, -0.148, -0.381, -0.233, 0.0030, 0.036, -0.317, 0.159, -0.217, 0.249, -0.243, 0.267, 0.042, g
1, 1.0, 0.549, 0.627, 1.0, 0.02, 1.0, -0.49, 0.922, -0.824, 0.588, -1.0, 0.118, -0.961, -0.333, -0.647, -0.686, -0.235, -0.863, 0.353, -1.0, 0.745, -0.725, 0.922, -0.216, 0.929, 0.219, 0.725, 0.569, 0.235, 0.902, -0.118, 0.902, g
1, 0.0, 0.0, -1.0, -0.628, 1.0, 0.511, 0.08, -0.234, -1.0, -0.362, 0.128, -0.59, 1.0, -1.0, 0.0, 0.0, 0.83, -0.08, -0.25, 1.0, 0.17, -0.707, 0.0, 0.0, -0.191, -0.468, -0.223, -0.489, 0.745, 0.904, -0.676, 0.457, b
1, 0.917, 0.292, 0.833, -0.167, 0.708, 0.25, 0.875, -0.083, 0.917, 0.042, 0.833, 0.125, 0.708, 0.0, 0.875, 0.042, 1.0, 0.083, 0.667, -0.083, 0.75, 0.167, 0.833, -0.125, 0.838, 0.055, 1.0, 0.208, 0.708, 0.0, 0.708, 0.042, g
1, 0.922, -0.194, 0.964, -0.177, 0.87, -0.226, 0.817, -0.271, 0.793, -0.289, 0.703, -0.496, 0.633, -0.5, 0.373, -0.707, 0.271, -0.721, 0.405, -0.542, 0.335, -0.597, 0.148, -0.636, 0.093, -0.596, -0.072, -0.549, -0.018, -0.541, -0.075, -0.479, g
0, -1.0, -1.0, 1.0, -1.0, -1.0, 1.0, 0.0, 0.0, 1.0, -1.0, 1.0, -1.0, 0.0, 0.0, 0.0, 0.0, 0.0, 0.0, -1.0, 1.0, 1.0, -1.0, -1.0, 1.0, 1.0, 1.0, 0.0, 0.0, 1.0, 0.5, 0.0, 0.0, b
0, 1.0, 1.0, 1.0, -1.0, 1.0, 1.0, 1.0, 1.0, 1.0, 1.0, 1.0, -1.0, 1.0, 1.0, 1.0, -1.0, 1.0, -1.0, 1.0, 1.0, 1.0, 1.0, 1.0, -1.0, 1.0, 1.0, 1.0, 1.0, 1.0, 1.0, 1.0, 1.0, b
1, 0.927, 0.042, 0.893, 0.158, 0.861, 0.198, 0.837, 0.365, 0.806, 0.402, 0.762, 0.406, 0.666, 0.484, 0.601, 0.518, 0.534, 0.522, 0.484, 0.542, 0.425, 0.557, 0.333, 0.553, 0.27, 0.542, 0.223, 0.534, 0.143, 0.491, 0.116, 0.466, g
1, 0.888, 0.381, 0.659, 0.694, 0.291, 0.879, -0.067, 0.901, -0.396, 0.804, -0.646, 0.565, -0.83, 0.269, -0.789, -0.082, -0.628, -0.309, -0.466, -0.556, -0.164, -0.643, 0.096, -0.611, 0.304, -0.484, 0.432, -0.298, 0.47, -0.095, 0.422, 0.126, g
0, 0.0, 0.0, 0.0, 0.0, 0.0, 0.0, 0.0, 0.0, 0.0, 0.0, 0.0, 0.0, 0.0, 0.0, 0.0, 0.0, 0.0, 0.0, 0.0, 0.0, 0.0, 0.0, 0.0, 0.0, 1.0, 1.0, 0.0, 0.0, 0.0, 0.0, 0.0, 0.0, b
1, 0.505, -0.169, 0.714, 0.015, 0.711, 0.023, 0.681, 0.013, 0.346, 0.056, 0.69, 0.044, 0.681, 0.051, 0.67, 0.057, 0.634, -0.047, 0.645, 0.069, 0.631, 0.074, 0.84, 0.181, 0.599, 0.083, 0.382, 0.068, 0.565, 0.09, 0.546, 0.093, g
1, 0.889, 0.016, 0.92, 0.013, 0.924, 0.014, 0.892, -0.102, 0.901, -0.084, 0.93, -0.01, 0.931, -0.089, 0.86, -0.051, 0.895, -0.04, 0.884, -0.121, 0.889, -0.119, 0.83, -0.141, 0.865, -0.118, 0.855, -0.131, 0.835, -0.125, 0.868, -0.122, g
1, 0.834, 0.391, 0.54, 0.786, 0.123, 0.894, -0.332, 0.836, -0.701, 0.596, -0.866, 0.219, -0.844, -0.242, -0.597, -0.619, -0.194, -0.878, 0.124, -0.891, 0.511, -0.725, 0.791, -0.277, 0.83, 0.087, 0.666, 0.491, 0.375, 0.7, -0.04, 0.794, g
1, 0.495, 0.097, 0.296, 0.058, 0.35, 0.0, 0.573, -0.024, 0.583, 0.024, 0.335, 0.049, 0.524, 0.0050, 0.471, -0.107, 0.432, 0.0050, 0.35, 0.058, 0.189, 0.257, 0.311, -0.15, 0.365, 0.038, 0.393, 0.175, 0.262, 0.0, 0.374, -0.019, g
1, 0.943, 0.2, 0.961, 0.408, 0.805, 0.566, 0.567, 0.708, 0.418, 0.832, 0.149, 0.895, 0.052, 0.937, -0.247, 0.839, -0.428, 0.756, -0.503, 0.626, -0.655, 0.504, -0.689, 0.309, -0.771, 0.156, -0.754, -0.044, -0.752, -0.179, -0.669, -0.344, g
1, 0.599, 0.147, 0.699, -0.139, 0.851, -0.139, 0.81, 0.024, 0.505, 0.028, 0.674, -0.045, 0.808, -0.137, 0.514, -0.245, 0.815, -0.143, 0.702, -0.0040, 0.333, 0.062, 0.561, -0.331, 0.614, -0.168, 0.527, -0.021, 0.539, -0.313, 0.674, -0.22, g
1, 0.941, -0.015, 0.942, 0.01, 0.95, -0.015, 0.959, -0.011, 0.946, -0.037, 0.972, -0.018, 0.971, -0.039, 0.955, -0.041, 0.952, -0.047, 0.942, -0.022, 0.928, -0.044, 0.92, -0.045, 0.927, -0.058, 0.903, -0.075, 0.92, -0.072, 0.92, -0.074, g
1, 0.947, -0.0, 0.932, -0.032, 0.952, -0.034, 0.956, 0.024, 0.941, 0.018, 0.926, 0.047, 0.94, -0.015, 0.948, 0.02, 0.938, 0.014, 0.914, 0.077, 0.895, 0.061, 0.94, 0.032, 0.925, 0.025, 0.921, 0.022, 0.925, 0.0040, 0.927, -0.0060, g
