@relation ionosphere
@attribute Pulse1 integer [0, 1]
@attribute Pulse3 real [-1.0, 1.0]
@attribute Pulse4 real [-1.0, 1.0]
@attribute Pulse5 real [-1.0, 1.0]
@attribute Pulse6 real [-1.0, 1.0]
@attribute Pulse7 real [-1.0, 1.0]
@attribute Pulse8 real [-1.0, 1.0]
@attribute Pulse9 real [-1.0, 1.0]
@attribute Pulse10 real [-1.0, 1.0]
@attribute Pulse11 real [-1.0, 1.0]
@attribute Pulse12 real [-1.0, 1.0]
@attribute Pulse13 real [-1.0, 1.0]
@attribute Pulse14 real [-1.0, 1.0]
@attribute Pulse15 real [-1.0, 1.0]
@attribute Pulse16 real [-1.0, 1.0]
@attribute Pulse17 real [-1.0, 1.0]
@attribute Pulse18 real [-1.0, 1.0]
@attribute Pulse19 real [-1.0, 1.0]
@attribute Pulse20 real [-1.0, 1.0]
@attribute Pulse21 real [-1.0, 1.0]
@attribute Pulse22 real [-1.0, 1.0]
@attribute Pulse23 real [-1.0, 1.0]
@attribute Pulse24 real [-1.0, 1.0]
@attribute Pulse25 real [-1.0, 1.0]
@attribute Pulse26 real [-1.0, 1.0]
@attribute Pulse27 real [-1.0, 1.0]
@attribute Pulse28 real [-1.0, 1.0]
@attribute Pulse29 real [-1.0, 1.0]
@attribute Pulse30 real [-1.0, 1.0]
@attribute Pulse31 real [-1.0, 1.0]
@attribute Pulse32 real [-1.0, 1.0]
@attribute Pulse33 real [-1.0, 1.0]
@attribute Pulse34 real [-1.0, 1.0]
@attribute Class {g, b}
@inputs Pulse1, Pulse3, Pulse4, Pulse5, Pulse6, Pulse7, Pulse8, Pulse9, Pulse10, Pulse11, Pulse12, Pulse13, Pulse14, Pulse15, Pulse16, Pulse17, Pulse18, Pulse19, Pulse20, Pulse21, Pulse22, Pulse23, Pulse24, Pulse25, Pulse26, Pulse27, Pulse28, Pulse29, Pulse30, Pulse31, Pulse32, Pulse33, Pulse34
@outputs Class
@data
1, 1.0, -0.034, 1.0, 0.0050, 1.0, -0.121, 0.89, 0.012, 0.731, 0.053, 0.854, 0.0080, 0.546, 0.0030, 0.838, -0.136, 0.755, -0.085, 0.709, -0.275, 0.434, -0.121, 0.575, -0.402, 0.59, -0.221, 0.431, -0.174, 0.604, -0.242, 0.56, -0.382, g
1, 0.996, 0.065, 1.0, -0.012, 0.978, 0.025, 0.961, 0.023, 0.993, 0.078, 0.893, 0.103, 0.942, 0.053, 0.888, 0.111, 0.861, 0.086, 0.816, 0.118, 0.837, 0.144, 0.813, 0.134, 0.795, 0.136, 0.791, 0.154, 0.771, 0.159, 0.709, 0.12, g
1, 0.961, 0.071, 1.0, 0.043, 1.0, 0.093, 0.902, -0.051, 0.893, 0.026, 0.832, -0.061, 0.875, 0.098, 0.765, 0.0030, 0.752, -0.053, 0.66, -0.079, 0.642, -0.059, 0.557, -0.077, 0.581, -0.022, 0.497, -0.013, 0.513, -0.0, 0.521, -0.0020, g
1, 1.0, 0.578, 1.0, -1.0, 1.0, -1.0, 1.0, -1.0, 1.0, -1.0, 1.0, -1.0, 1.0, -1.0, 1.0, -1.0, 1.0, -1.0, 1.0, -0.628, 1.0, -1.0, 1.0, -1.0, 1.0, -1.0, 1.0, -1.0, 1.0, -1.0, 1.0, -1.0, b
0, -1.0, -1.0, 0.0, 0.0, -1.0, 1.0, 1.0, -0.375, 0.0, 0.0, 0.0, 0.0, 0.0, 0.0, 1.0, -1.0, -1.0, -1.0, 1.0, -1.0, 0.0, 0.0, 1.0, -1.0, -1.0, 1.0, -1.0, -1.0, 0.0, 0.0, -1.0, 1.0, b
1, 1.0, 0.065, 1.0, 0.207, 1.0, 0.263, 0.931, 0.322, 0.868, 0.39, 0.755, 0.501, 0.796, 0.523, 0.66, 0.608, 0.576, 0.63, 0.478, 0.671, 0.406, 0.688, 0.344, 0.721, 0.277, 0.724, 0.193, 0.707, 0.114, 0.727, 0.07, 0.714, g
1, -0.643, -1.0, 1.0, 0.829, 1.0, -1.0, 1.0, -0.234, 1.0, 0.962, 1.0, -0.377, 1.0, -1.0, 1.0, 0.138, 1.0, -1.0, 1.0, -0.034, -0.843, 1.0, 0.538, 0.857, 1.0, 1.0, 1.0, -1.0, 1.0, -1.0, 1.0, -1.0, b
1, 1.0, 0.098, 1.0, 0.122, 1.0, 0.226, 0.986, 0.092, 0.949, 0.192, 0.93, 0.243, 0.892, 0.283, 0.855, 0.267, 0.837, 0.331, 0.834, 0.317, 0.748, 0.396, 0.762, 0.347, 0.685, 0.427, 0.628, 0.46, 0.568, 0.47, 0.543, 0.509, g
1, 1.0, 0.168, 0.994, 0.163, 0.946, 0.333, 0.918, 0.226, 0.914, 0.371, 0.842, 0.469, 0.81, 0.492, 0.785, 0.483, 0.651, 0.57, 0.566, 0.581, 0.556, 0.647, 0.483, 0.552, 0.433, 0.691, 0.357, 0.761, 0.339, 0.668, 0.221, 0.787, g
1, 0.961, 0.086, 0.968, 0.193, 0.96, 0.275, 0.98, 0.351, 0.929, 0.463, 0.863, 0.525, 0.828, 0.588, 0.732, 0.691, 0.69, 0.731, 0.545, 0.688, 0.483, 0.762, 0.406, 0.747, 0.334, 0.838, 0.249, 0.861, 0.138, 0.868, 0.09, 0.863, g
1, 0.883, -0.22, 1.0, 0.364, 0.824, 0.192, 0.851, 0.059, 0.906, -0.043, 0.852, 0.25, 0.779, 0.253, 0.692, 0.579, 0.71, 0.391, 0.732, 0.276, 1.0, 0.349, 0.568, 0.52, 0.698, 0.532, 0.809, 0.586, 0.43, 0.709, 0.524, 0.542, g
1, 1.0, 0.017, 0.962, -0.031, 1.0, -0.034, 1.0, -0.051, 0.99, -0.071, 0.992, -0.09, 1.0, -0.157, 1.0, -0.143, 0.983, -0.118, 1.0, -0.185, 1.0, -0.193, 0.99, -0.221, 0.965, -0.202, 0.946, -0.171, 0.964, -0.226, 0.87, -0.233, g
0, 0.0, 0.0, 0.0, 0.0, 0.0, 0.0, 0.0, 0.0, 0.0, 0.0, 0.0, 0.0, 0.0, 0.0, 0.0, 0.0, 0.0, 0.0, 0.0, 0.0, 0.0, 0.0, 0.0, 0.0, 1.0, -1.0, 0.0, 0.0, 0.0, 0.0, 0.0, 0.0, b
1, 0.284, -0.318, 0.0, 0.0, 0.682, -1.0, 0.307, 0.958, 0.644, 0.064, 0.348, -0.848, 0.0, 0.0, 0.591, -0.36, 0.451, -0.807, 0.0, 0.0, 0.0, 0.0, 0.242, 0.178, 1.0, -0.239, 0.061, -0.485, 0.163, -0.701, 0.0, 0.0, b
1, 1.0, 0.234, 0.914, 0.52, 0.78, 0.721, 0.477, 0.842, 0.276, 0.917, 0.095, 0.882, -0.22, 0.914, -0.342, 0.755, -0.514, 0.645, -0.645, 0.446, -0.741, 0.292, -0.708, 0.036, -0.717, -0.119, -0.65, -0.282, -0.513, -0.445, -0.374, -0.533, g
1, 1.0, -0.148, 1.0, 0.049, 0.574, -0.016, 0.656, 0.016, 0.852, -0.033, 0.721, 0.0, 0.689, -0.164, 0.197, -0.148, 0.656, -0.172, 0.672, 0.033, 1.0, -0.295, 0.311, -0.344, 0.524, -0.203, 0.328, -0.033, 0.279, -0.443, 0.492, -0.066, b
1, -1.0, 0.281, 0.222, 0.15, -0.757, -0.71, -0.307, 0.712, -1.0, 1.0, -0.817, 0.34, -0.791, -0.026, -0.98, -0.83, -0.601, -0.542, -0.046, -0.83, 0.941, -0.941, -1.0, -0.431, 0.744, 0.092, -1.0, 0.052, 0.183, 0.026, -0.402, -0.482, b
1, 0.904, -0.016, 1.0, 0.08, 1.0, 0.016, 0.93, 0.0050, 0.936, -0.016, 1.0, 0.0, 1.0, 0.064, 1.0, 0.048, 0.914, 0.043, 0.968, 0.021, 0.989, -0.016, 0.963, 0.053, 0.97, 0.045, 0.877, 0.011, 1.0, 0.091, 0.979, 0.064, g
0, 0.0, 0.0, 0.0, 0.0, 0.0, 0.0, 0.0, 0.0, 0.0, 0.0, -1.0, -1.0, 0.0, 0.0, 1.0, 0.75, 0.0, 0.0, 0.0, 0.0, -1.0, 1.0, 0.0, 0.0, 1.0, -1.0, -1.0, -1.0, 1.0, 1.0, 0.0, 0.0, b
1, 1.0, 0.455, 1.0, -0.455, 1.0, 0.091, 1.0, -0.091, 1.0, 0.0, 1.0, -0.273, 1.0, -0.182, 1.0, 0.091, 1.0, 0.0, 1.0, -0.364, 1.0, 0.091, 1.0, -0.091, 1.0, -0.049, 1.0, 0.455, 1.0, -0.273, 1.0, -0.182, g
1, 0.621, -0.636, 0.0, 0.0, 0.0, 0.0, 0.345, 0.288, 0.428, 0.394, -0.076, 0.519, 0.364, 0.314, -0.538, 0.33, 0.121, -0.148, 0.019, -0.534, -0.576, 0.178, 0.292, -0.273, 0.258, -0.576, 0.432, 0.242, 0.182, -0.023, 0.17, -0.417, b
0, -1.0, 1.0, 1.0, -1.0, 0.0, 0.0, 0.0, 0.0, 1.0, -1.0, 1.0, 1.0, 0.0, 0.0, 1.0, -1.0, 0.0, 0.0, 0.0, 0.0, 1.0, 1.0, -1.0, 1.0, 1.0, -1.0, -1.0, 1.0, -1.0, -1.0, 0.0, 0.0, b
0, 1.0, 1.0, 1.0, -1.0, 1.0, -1.0, 1.0, 1.0, 0.0, 0.0, 1.0, -1.0, 0.0, 0.0, 0.0, 0.0, 0.0, 0.0, -1.0, 1.0, 1.0, 1.0, 0.0, 0.0, 1.0, 1.0, 0.0, 0.0, -1.0, -1.0, 0.0, 0.0, b
0, 1.0, -1.0, 1.0, 1.0, 1.0, 1.0, 1.0, 1.0, 1.0, 1.0, 1.0, -1.0, 1.0, 1.0, 1.0, 1.0, 1.0, -1.0, 1.0, -1.0, 1.0, -1.0, 1.0, -1.0, 1.0, 1.0, 1.0, -1.0, 1.0, 1.0, 1.0, 1.0, b
1, 0.575, -0.032, 0.752, -0.054, 0.615, -0.012, 0.54, 0.034, 0.617, 0.099, 0.591, -0.024, 0.627, 0.012, 0.708, 0.026, 0.603, 0.016, 0.478, -0.028, 0.591, 0.038, 0.5, 0.04, 0.613, -0.012, 0.617, -0.135, 0.688, -0.014, 0.625, -0.032, g
1, 0.881, -0.0090, 0.898, -0.025, 0.941, -0.018, 0.892, -0.128, 0.822, -0.109, 0.889, 0.012, 0.908, -0.137, 0.871, -0.061, 0.908, -0.024, 0.88, -0.146, 0.829, -0.124, 0.901, -0.195, 0.882, -0.149, 0.844, -0.129, 0.884, -0.185, 0.917, -0.168, g
1, 0.427, -0.5, 0.0, 0.0, 0.0, 0.0, 0.465, 0.51, 0.59, 0.021, 0.0, 0.0, 0.0, 0.0, 0.165, -0.454, 0.592, -0.183, 0.0, 0.0, 0.0, 0.0, 0.988, -0.408, -1.0, -1.0, -0.279, -0.756, 0.0, 0.0, 0.0, 0.0, b
1, 0.798, 0.094, 0.781, 0.207, 0.716, 0.281, 0.693, 0.413, 0.659, 0.501, 0.579, 0.608, 0.492, 0.584, 0.334, 0.679, 0.296, 0.635, 0.096, 0.681, 0.021, 0.722, -0.087, 0.632, -0.119, 0.607, -0.182, 0.56, -0.255, 0.517, -0.273, 0.425, g
1, 0.941, 0.119, 0.857, 0.01, 0.851, 0.015, 0.77, -0.0030, 0.845, 0.109, 0.833, 0.03, 0.827, 0.035, 0.748, 0.019, 0.8, 0.024, 0.809, 0.049, 0.803, 0.054, 0.773, 0.022, 0.791, 0.062, 0.859, 0.093, 0.779, 0.071, 0.773, 0.075, g
1, 0.97, -0.144, 0.913, -0.0020, 0.966, -0.171, 0.986, 0.183, 0.918, 0.0020, 0.936, -0.084, 0.913, -0.0020, 0.868, -0.087, 0.97, -0.212, 1.0, 0.103, 0.92, -0.053, 0.925, 0.068, 0.94, -0.093, 0.97, -0.201, 0.854, -0.087, 0.966, -0.219, g
1, 0.512, 1.0, 1.0, 0.538, 0.712, 0.808, 0.456, 0.464, 0.331, 1.0, 0.212, 1.0, -0.174, 1.0, -0.331, 0.987, -0.614, 1.0, -0.527, 0.717, -0.885, 0.479, -1.0, 0.352, -1.0, 0.096, -1.0, -0.167, -1.0, -0.422, -0.919, -0.656, g
1, 0.794, 0.295, 0.641, 0.523, 0.413, 0.682, 0.142, 0.835, -0.168, 0.788, -0.429, 0.723, -0.572, 0.415, -0.754, 0.168, -0.7, -0.099, -0.577, -0.235, -0.406, -0.383, -0.174, -0.525, 0.015, -0.487, 0.19, -0.381, 0.31, -0.232, 0.346, -0.08, g
1, 1.0, -0.013, 1.0, 0.016, 1.0, -0.0020, 1.0, 0.063, 0.978, 0.045, 0.96, 0.029, 1.0, 0.065, 0.989, 0.034, 1.0, 0.036, 0.998, 0.094, 0.957, 0.074, 1.0, 0.101, 1.0, 0.088, 0.991, 0.085, 1.0, 0.101, 1.0, 0.101, g
1, 0.884, 0.367, 0.671, 0.674, 0.396, 0.864, 0.024, 0.932, -0.351, 0.837, -0.603, 0.588, -0.787, 0.388, -0.833, -0.0060, -0.693, -0.33, -0.525, -0.539, -0.274, -0.681, 0.0080, -0.698, 0.26, -0.607, 0.446, -0.434, 0.542, -0.215, 0.563, 0.028, g
1, 0.901, 0.418, 0.641, 0.757, 0.304, 0.951, -0.204, 0.965, -0.555, 0.812, -0.819, 0.509, -0.97, 0.103, -0.915, -0.314, -0.702, -0.655, -0.324, -0.89, 0.059, -0.942, 0.445, -0.822, 0.741, -0.552, 0.894, -0.187, 0.879, 0.204, 0.706, 0.549, g
