@relation banana
@attribute At1 real[-3.09,2.81]
@attribute At2 real[-2.39,3.19]
@attribute Class {-1.0,1.0}
@inputs At1, At2
@outputs Class
@data
-0.77, 0.364, 1.0
-0.871, -0.825, 1.0
1.28, 0.691, -1.0
1.13, 0.405, -1.0
-1.41, 0.894, -1.0
0.0284, 1.62, -1.0
0.396, -0.606, 1.0
-0.439, -0.961, -1.0
-0.0583, -1.15, -1.0
-0.209, 0.345, 1.0
1.26, -1.37, 1.0
-0.0536, 1.6, -1.0
-0.0269, 0.958, 1.0
-0.697, 1.35, -1.0
0.706, 1.38, 1.0
-0.833, -0.569, -1.0
-0.562, -0.873, -1.0
1.94, -0.65, -1.0
0.529, 0.133, -1.0
-0.62, -0.984, -1.0
1.06, -0.427, 1.0
-0.529, -0.357, 1.0
0.294, -1.5, -1.0
0.741, -1.2, 1.0
-0.0987, 0.966, 1.0
-0.753, -0.0615, 1.0
-1.04, -0.2, 1.0
-1.54, 0.685, -1.0
1.97, 0.99, 1.0
-0.63, 0.949, -1.0
0.122, -0.041, 1.0
-0.36, -1.28, -1.0
0.778, -0.694, 1.0
0.0345, -0.691, -1.0
-1.24, 1.0, -1.0
-0.112, -0.841, 1.0
-0.3, -1.04, -1.0
0.842, -1.41, 1.0
1.87, -0.239, -1.0
0.564, -1.13, 1.0
-1.58, -1.26, 1.0
1.49, -0.00779, -1.0
-0.562, -1.01, -1.0
-0.358, -1.02, -1.0
-0.337, -1.45, -1.0
0.0544, -1.59, -1.0
1.29, -1.43, 1.0
-0.206, -0.474, 1.0
-1.24, -0.352, 1.0
-1.39, -0.68, 1.0
1.06, 0.266, -1.0
1.73, 1.68, 1.0
0.569, 1.62, 1.0
-0.298, -1.26, -1.0
0.379, 1.36, -1.0
1.24, 0.554, -1.0
-0.513, 1.29, -1.0
-0.113, -0.197, 1.0
-0.395, -0.756, -1.0
1.46, -0.417, 1.0
-1.58, -0.842, 1.0
-0.52, 1.2, -1.0
1.52, -0.0653, -1.0
1.18, 0.392, -1.0
-0.324, -1.03, -1.0
1.03, 0.548, -1.0
0.805, -0.237, 1.0
-1.04, 1.19, -1.0
0.707, 0.0524, 1.0
1.36, 0.258, -1.0
-1.38, -0.32, 1.0
-0.107, -1.5, -1.0
-0.413, -0.0275, 1.0
-0.803, -0.782, -1.0
-0.516, 0.831, 1.0
-1.12, 0.559, 1.0
2.43, 1.39, 1.0
0.743, -1.18, 1.0
-2.15, -0.858, 1.0
1.18, 0.585, -1.0
-0.00329, -0.0777, 1.0
-0.606, -0.997, -1.0
0.37, 0.312, 1.0
0.996, 0.225, -1.0
0.902, -1.08, 1.0
0.15, 1.3, -1.0
1.52, 0.409, -1.0
-1.29, 0.511, -1.0
-0.623, 1.24, -1.0
1.39, -0.872, 1.0
-0.046, 1.51, -1.0
-0.109, -0.884, -1.0
-0.43, -0.722, -1.0
1.2, -0.598, 1.0
-0.567, -1.14, -1.0
1.01, -0.743, 1.0
-0.249, 0.0234, 1.0
-0.497, 1.07, -1.0
0.552, 2.05, -1.0
-1.21, -0.934, -1.0
-0.235, -0.617, 1.0
0.284, 2.37, -1.0
-0.424, 2.01, -1.0
-0.347, -1.5, -1.0
1.66, 1.42, 1.0
0.00564, -1.14, -1.0
-0.106, -0.933, -1.0
-0.314, -0.984, -1.0
-0.104, -1.09, -1.0
-0.724, -1.48, -1.0
-1.52, 0.388, -1.0
-0.366, -0.882, -1.0
-1.22, 0.831, -1.0
-0.609, -0.917, -1.0
-0.152, -0.669, -1.0
1.85, 1.38, 1.0
0.546, -0.195, 1.0
-1.07, -1.11, 1.0
-0.262, -1.2, -1.0
-1.43, 0.707, -1.0
0.486, 0.245, 1.0
-0.292, -1.32, -1.0
-0.122, -0.0671, 1.0
-0.155, 1.29, -1.0
1.18, 0.0819, -1.0
-0.917, -0.863, -1.0
1.18, -0.0513, -1.0
1.18, -0.0335, -1.0
0.642, 0.909, -1.0
0.663, 1.7, -1.0
0.0329, 1.88, -1.0
2.17, 1.45, 1.0
-1.95, -0.9, 1.0
-0.377, -0.973, -1.0
0.157, -0.934, -1.0
0.584, -0.212, 1.0
-1.22, 1.12, -1.0
0.48, -1.15, -1.0
-0.577, 0.206, 1.0
0.595, 1.02, -1.0
1.93, 1.34, 1.0
-1.58, 0.456, -1.0
-0.656, -0.334, 1.0
-1.15, 0.771, -1.0
2.36, 1.33, 1.0
-0.859, 0.885, -1.0
-1.51, -0.593, 1.0
-0.341, 0.169, 1.0
-0.0866, -1.37, -1.0
0.637, 0.00536, 1.0
0.553, -0.817, 1.0
-0.532, -0.179, 1.0
-0.717, -1.03, -1.0
-0.71, 0.465, 1.0
-0.707, -0.378, 1.0
-0.712, -1.1, -1.0
-0.806, 0.575, 1.0
0.222, 0.214, 1.0
0.066, -1.23, -1.0
-1.15, 0.729, -1.0
0.854, 1.15, -1.0
-1.2, 0.659, -1.0
-0.547, 1.71, -1.0
1.29, 0.525, -1.0
0.428, -1.43, -1.0
-0.807, 0.992, -1.0
-0.596, -1.33, -1.0
-1.12, 1.1, -1.0
-0.79, -0.823, -1.0
-0.777, -1.33, -1.0
0.523, 1.05, -1.0
1.08, -1.83, 1.0
2.12, 1.07, 1.0
0.139, -0.803, 1.0
-2.41, 0.26, -1.0
0.391, -0.0901, 1.0
-1.51, -1.16, 1.0
1.23, -0.0997, -1.0
0.0179, -1.01, -1.0
1.68, -0.472, -1.0
-0.141, -0.119, 1.0
-1.49, 0.744, -1.0
0.856, -1.11, 1.0
0.532, -0.0431, 1.0
0.395, 1.35, 1.0
-1.82, -0.847, 1.0
0.306, -0.161, 1.0
-0.0529, -0.0168, 1.0
1.44, 0.0946, -1.0
2.06, -0.893, -1.0
-0.381, -0.959, -1.0
-1.02, 0.883, -1.0
0.833, -0.0565, 1.0
-1.14, -0.245, 1.0
-1.81, -0.543, 1.0
0.246, -0.767, -1.0
-0.139, -1.27, -1.0
-1.6, -0.541, 1.0
1.01, 1.57, 1.0
-0.223, 1.04, -1.0
-0.573, -0.88, -1.0
-1.4, 1.19, -1.0
0.855, -0.265, 1.0
1.04, -0.24, 1.0
0.133, 2.05, -1.0
-0.617, -0.792, -1.0
-0.717, 1.23, -1.0
0.447, 0.92, -1.0
-0.968, -0.226, 1.0
-0.0999, 1.97, 1.0
0.353, 1.58, -1.0
0.907, 0.191, -1.0
0.0413, 0.345, 1.0
-1.63, 0.293, -1.0
-0.779, -1.2, -1.0
-0.546, 0.442, 1.0
0.932, 1.43, 1.0
0.88, 0.275, -1.0
1.8, 1.53, 1.0
0.316, 1.43, 1.0
2.43, 0.869, 1.0
1.07, 0.438, -1.0
0.0604, 1.64, -1.0
-0.838, -1.17, -1.0
-0.119, 2.06, 1.0
-0.107, -0.232, 1.0
-1.43, 1.25, -1.0
-1.3, -0.829, 1.0
0.0984, 0.629, 1.0
0.812, -0.15, 1.0
0.553, -0.159, 1.0
1.46, 0.0665, -1.0
-0.103, 0.0369, 1.0
-0.765, -1.13, -1.0
1.03, -0.0835, -1.0
-0.956, -0.77, -1.0
-0.0958, -1.66, -1.0
-0.821, -0.855, 1.0
1.15, -1.69, 1.0
0.676, 0.892, -1.0
-1.28, 0.72, -1.0
0.448, 0.71, -1.0
0.328, 0.553, -1.0
-0.372, 1.54, -1.0
0.417, 0.348, 1.0
1.71, -0.289, -1.0
-1.02, -0.469, 1.0
-0.299, -1.4, -1.0
0.108, -0.769, -1.0
1.2, 0.286, -1.0
-0.878, 0.659, -1.0
0.961, 0.454, -1.0
0.0647, -1.22, -1.0
-0.394, 1.6, -1.0
0.867, -1.19, 1.0
-0.625, 1.65, -1.0
-0.903, -0.988, -1.0
1.1, -0.374, 1.0
0.19, 0.969, 1.0
1.38, -0.244, -1.0
-1.38, -1.08, 1.0
0.677, 1.03, -1.0
0.0105, -1.26, -1.0
1.39, 1.52, 1.0
1.4, 0.43, -1.0
-0.193, -0.288, 1.0
-0.701, 1.17, -1.0
-0.379, 0.638, 1.0
-0.604, -1.2, -1.0
0.799, -0.834, 1.0
0.866, 0.612, -1.0
-0.522, 0.206, 1.0
1.38, 1.27, -1.0
-0.89, -1.18, 1.0
0.524, 0.283, 1.0
0.303, -1.18, -1.0
-0.135, 0.136, 1.0
0.565, 1.56, 1.0
1.36, -1.06, 1.0
0.985, 1.16, -1.0
0.74, 0.203, 1.0
-0.879, -0.975, -1.0
-0.55, -1.07, -1.0
0.422, 2.33, -1.0
0.395, -1.04, -1.0
-0.0743, -1.38, -1.0
-1.2, 0.4, 1.0
-0.415, -1.3, -1.0
-1.53, -1.72, 1.0
0.26, -1.17, -1.0
-0.999, 0.906, -1.0
-1.77, 1.01, -1.0
0.0394, -1.35, -1.0
0.83, 1.67, 1.0
0.47, -0.765, 1.0
-1.06, 0.181, 1.0
1.22, 0.541, -1.0
1.79, -0.834, -1.0
-0.908, 1.26, -1.0
0.921, 1.12, 1.0
-0.64, -0.238, 1.0
0.388, -0.0851, 1.0
0.606, 1.77, 1.0
-0.379, -1.6, -1.0
2.59, 1.16, 1.0
-0.0434, -0.442, 1.0
-0.591, -1.08, -1.0
-0.679, 0.536, 1.0
-0.658, 0.554, 1.0
-1.5, -0.39, 1.0
1.03, -0.209, -1.0
1.02, 0.72, -1.0
-2.11, -1.51, 1.0
0.0291, -1.12, -1.0
0.823, 1.04, -1.0
-1.53, -0.665, 1.0
-0.463, -1.01, -1.0
0.258, -0.85, -1.0
0.218, 1.32, -1.0
0.747, -1.05, 1.0
0.981, 0.26, 1.0
-0.849, -0.187, 1.0
-0.473, 0.085, 1.0
1.03, 0.252, 1.0
1.24, 0.31, -1.0
-0.472, -0.0198, 1.0
-0.855, -1.33, -1.0
-1.19, -0.638, 1.0
-0.265, 1.28, -1.0
1.8, 1.32, 1.0
0.151, 0.322, 1.0
0.514, 1.52, -1.0
-0.0685, 0.931, -1.0
0.57, 1.42, -1.0
-1.96, 0.445, -1.0
-1.45, -0.167, 1.0
-1.83, -0.746, 1.0
-0.813, -1.23, -1.0
-0.315, -1.3, -1.0
-0.973, -0.126, 1.0
-0.508, -1.7, -1.0
-0.769, -1.46, -1.0
-0.84, -1.16, -1.0
1.37, -0.8, 1.0
-0.972, -1.08, 1.0
-0.0275, -0.582, 1.0
0.2, -0.609, 1.0
0.586, 0.402, -1.0
-1.19, -1.32, -1.0
0.0194, -1.13, -1.0
-0.598, -1.38, -1.0
0.633, 0.901, -1.0
0.0951, -1.39, -1.0
0.886, -0.292, 1.0
-1.3, 1.16, -1.0
0.675, 0.667, -1.0
0.635, 0.559, 1.0
-1.07, -0.306, 1.0
1.71, 0.569, -1.0
-1.02, 0.521, 1.0
0.335, 1.95, -1.0
-0.911, -0.908, -1.0
-0.918, 1.44, -1.0
1.35, -0.177, -1.0
-0.0656, 1.24, -1.0
0.272, -1.12, -1.0
1.02, 0.976, -1.0
1.35, 0.657, -1.0
-2.05, -1.93, 1.0
1.54, -0.193, -1.0
-0.254, -1.27, -1.0
-0.311, -1.07, -1.0
0.26, -0.54, 1.0
-0.793, 0.905, 1.0
1.55, -0.649, -1.0
1.38, -0.645, 1.0
1.45, -1.25, 1.0
-0.927, -0.595, 1.0
-0.265, 1.71, -1.0
-1.92, -1.17, 1.0
-0.39, -1.01, -1.0
-0.634, 1.21, -1.0
1.37, 1.24, 1.0
0.811, 1.07, -1.0
-0.437, -0.789, -1.0
-1.14, -0.927, 1.0
0.484, -0.427, 1.0
1.16, -0.357, 1.0
0.298, -0.878, -1.0
0.955, 0.142, 1.0
0.731, 1.74, 1.0
-1.15, -0.659, 1.0
-1.6, 0.788, -1.0
0.523, -1.38, -1.0
1.04, 0.0909, 1.0
0.134, -1.06, -1.0
1.97, 0.041, -1.0
0.332, -0.69, 1.0
-0.76, -1.26, -1.0
-0.176, -0.207, 1.0
-0.428, -0.509, 1.0
0.00879, 1.47, -1.0
2.27, 0.284, -1.0
-1.9, 0.856, -1.0
0.655, 1.72, 1.0
-0.403, -0.636, 1.0
-0.639, 0.68, 1.0
0.782, -0.139, 1.0
1.09, 1.49, 1.0
-0.867, 0.214, 1.0
1.36, -0.412, -1.0
-0.663, -1.47, -1.0
-0.516, -0.92, 1.0
-0.834, -0.258, 1.0
-0.568, -0.873, -1.0
-0.295, -1.27, -1.0
-0.867, 1.09, -1.0
-0.334, -1.34, -1.0
0.179, 1.87, -1.0
-0.549, 1.03, -1.0
-0.719, 0.242, 1.0
-0.487, -0.797, -1.0
0.137, 1.94, 1.0
-1.13, 1.01, -1.0
-0.0261, -1.38, -1.0
0.948, 0.985, -1.0
-1.52, -0.00335, 1.0
-0.304, 1.5, -1.0
-0.0208, 1.76, 1.0
-1.24, 0.1, 1.0
0.715, 1.3, -1.0
1.88, -1.13, -1.0
0.426, 0.194, 1.0
0.258, 0.482, 1.0
-2.28, -1.02, 1.0
-0.424, 0.0207, 1.0
1.88, -0.289, -1.0
0.591, -0.427, 1.0
-0.854, -0.379, 1.0
0.229, 1.63, -1.0
0.157, -0.652, 1.0
0.722, 0.368, -1.0
-1.47, 0.52, -1.0
-0.275, -1.6, -1.0
-0.52, 1.35, -1.0
1.15, 0.565, -1.0
-0.49, -1.45, -1.0
-0.98, -1.49, -1.0
-0.668, 0.919, -1.0
-0.534, -1.4, -1.0
-1.96, -1.09, 1.0
-1.78, -0.253, 1.0
-0.714, -0.161, 1.0
0.862, -1.24, 1.0
-1.84, -0.846, 1.0
0.669, 0.98, -1.0
1.34, 1.44, 1.0
1.5, 0.0442, -1.0
1.12, 0.822, -1.0
1.8, 0.0607, -1.0
2.18, 1.21, 1.0
-0.702, -0.811, -1.0
0.247, 1.65, 1.0
-0.852, -0.298, 1.0
-0.214, -0.235, 1.0
1.05, 0.219, -1.0
0.726, -0.626, 1.0
0.673, 0.172, 1.0
0.00275, -0.0555, 1.0
0.786, 1.31, -1.0
-1.12, 0.699, -1.0
-0.413, 1.17, -1.0
-1.1, 0.737, -1.0
2.0, 1.71, 1.0
0.512, -0.49, 1.0
-2.17, -0.523, 1.0
-0.074, 1.97, 1.0
0.411, 1.47, -1.0
-0.183, 1.15, -1.0
-1.06, -0.937, -1.0
-1.42, 0.592, 1.0
0.809, 0.741, -1.0
1.28, -0.236, -1.0
0.93, -0.375, 1.0
-0.626, -1.18, -1.0
0.826, 0.84, -1.0
-0.25, -1.23, -1.0
-1.37, -0.177, 1.0
0.409, 1.45, -1.0
-1.37, 0.648, -1.0
-1.84, -1.64, 1.0
0.217, -1.21, -1.0
0.00168, 0.262, 1.0
5.19E-4, 0.282, 1.0
-0.895, -1.07, 1.0
1.87, -1.16, -1.0
1.03, -0.191, -1.0
-0.882, -0.582, 1.0
0.981, 0.0921, -1.0
0.498, -1.02, -1.0
0.233, -0.275, 1.0
1.98, 1.27, 1.0
-0.695, -0.736, -1.0
0.916, 1.63, -1.0
0.739, 0.139, 1.0
-1.31, -0.498, 1.0
-1.59, -1.36, 1.0
-0.914, 0.425, 1.0
0.0949, -1.56, -1.0
0.803, 1.35, -1.0
-0.271, 1.59, -1.0
0.557, -1.04, 1.0
-1.21, -0.409, 1.0
0.0403, -1.51, -1.0
-1.4, 0.475, -1.0
0.753, 1.89, 1.0
0.234, -0.822, 1.0
0.0973, -1.33, -1.0
0.722, -0.975, 1.0
-0.607, -1.6, -1.0
2.2, -0.665, -1.0
0.0574, -0.134, 1.0
0.698, -0.655, 1.0
2.48, 1.21, 1.0
1.06, 0.443, -1.0
-0.872, 0.26, 1.0
-0.674, -0.62, 1.0
0.404, 0.00999, 1.0
0.704, -0.906, 1.0
0.769, 0.772, -1.0
